3,900,1100,1230,200,1900,2030,200,2300,,,,,,,,,,,,,,,,,,,,,,,,,,,,,,,,,,,,,,,,,,,,,,,,,,,,,,,,,,,,,,,,,,,,,,,,,,,,,,,,,,,,,,,,,,,,,,,,,,,,,,,,,,,,,,,,,,,,,,,,,,,,,,,,,,,,,,,,,,,,,
,,,,,,,,,,,,,,,,,,,,,,,,,,,,,,,,,,,,,,,,,,,,,,,,,,,,,,,,,,,,,,,,,,,,,,,,,,,,,,,,,,,,,,,,,,,,,,,,,,,,,,,,,,,,,,,,,,,,,,,,,,,,,,,,,,,,,,,,,,,,,,,,,,,,,
1,1,1,1,1,1,1,1,1,1,1,1,1,1,1,1,1,1,1,1,1,1,1,1,1,1,1,1,1,0,0,0,0,0,0,0,0,0,0,0,0,0,0,0,0,0,0,0,0,1,1,1,1,1,1,1,1,1,1,1,1,1,1,1,1,1,1,1,1,0,1,1,1,1,1,1,1,1,1,1,1,1,1,1,1,1,1,1,1,1,1,1,1,1,1,1,1,1,1,1,1,1,1,1,1,1,1,1,1,1,1,1,1,1,1,1,1,1,1,1,1,1,0,0,0,0,0,0,0,0,0,0,0,0,0,0,0,0,0,0,0,0,0,0,0,0,0,0,0,0
,,,,,,,,,,,,,,,,,,,,,,,,,,,,,,,,,,,,,,,,,,,,,,,,,,,,,,,,,,,,,,,,,,,,,,,,,,,,,,,,,,,,,,,,,,,,,,,,,,,,,,,,,,,,,,,,,,,,,,,,,,,,,,,,,,,,,,,,,,,,,,,,,,,,,
0,0,0,0,0,0,0,0,0,0,0,0,0,0,0,0,0,0,0,0,0,0,0,0,0,0,0,0,0,1,1,1,1,1,1,1,1,1,1,1,1,1,1,1,1,1,1,1,1,0,0,0,0,0,0,0,0,0,0,0,0,0,0,0,0,0,0,0,0,1,1,1,1,1,1,1,1,1,1,0,0,0,0,0,0,0,0,0,0,0,0,0,0,0,0,0,0,0,0,0,0,0,0,0,0,0,0,0,0,0,0,0,0,0,0,0,0,0,0,0,0,0,1,1,1,1,1,1,1,1,1,1,1,1,1,1,1,1,1,1,1,1,1,1,1,1,1,1,1,0
,,,,,,,,,,,,,,,,,,,,,,,,,,,,,,,,,,,,,,,,,,,,,,,,,,,,,,,,,,,,,,,,,,,,,,,,,,,,,,,,,,,,,,,,,,,,,,,,,,,,,,,,,,,,,,,,,,,,,,,,,,,,,,,,,,,,,,,,,,,,,,,,,,,,,
0,39905.8,46878.2,43598.7,19812.1,26116.5,42770.3,29266.3,29085.5,34129.6,36791.3,455.009,43170.6,26198.9,30505.6,14594.8,48983.2,23674.1,32435.1,32625.7,19948.5,36511.2,34261.7,48523.1,43083.4,30999.8,34603.4,31553.7,28607.7,20962.9,20334.5,31258.3,44830,34530.2,30502,19535.8,31175.8,25624.6,28081,26201.1,35528.6,30948.5,31094.9,42213.8,15487.9,42347.5,29488.7,20969.9,32918.6,42597.8,30607.8,29227.5,31532.3,4467.47,30557.1,25671.7,20057.3,32601.4,28999.7,31556.9,29264.7,38660.7,23131.4,39839,41612.8,43083.7,34138.7,26289.9,37447.2,29247.9,28748.6,30512.5,25094.9,31289.2,31576.2,53277.6,29225.1,28106.4,22806.8,28770.9,28814.4,45595.5,31533.2,31401.6,29798.1,31182.1,26159.5,31173.1,43130,42885.2,28712.1,30947.2,31536,19612.9,42129.3,32068.1,32708.9,30590.9,35354.7,23006,23941.4,42185.1,31762.9,44720.6,25087.2,31012.6,42080.1,31526,31629.8,28178.1,36120.4,34997.4,5335.52,35606.7,28834.1,31285.3,31380.7,28949.8,30977.8,30624.1,25199.7,31872,31450.6,35358.2,31136.4,30794.6,17917.1,43194.4,43187.2,13686.2,34728.9,31278.8,34115.3,41871,28888.1,43076.2,32570.1,31431,37748.5,25191.6,41317.1,43000.7,35260.1,31177,31281.8,26331.6,30565.3,22575.7,31555.1,28343.2
39905.8,0,11637.3,11393.7,26359.5,28742.4,3293.86,40037.3,63304.4,67431.9,3986.65,40228.4,10599.4,30439.5,28545.4,52204.5,22746.9,16963.6,16803.9,28677.6,44486.3,27804.9,66451.7,16332.5,10399.7,27319.2,23566.5,46231.8,25334.6,23580.2,25400.2,28470.1,27267.8,22778,20596.7,43962.3,28490.8,25052,47995.1,40232.6,20789.1,28319.5,27395.9,11014.6,38848.9,10564.6,63702.5,57384.9,28826.7,39854.1,18371.4,24337.8,27818.9,43926.3,27506.1,42471,43743.5,28659.7,63273,27694.8,63475.2,66268,17339.1,66400.8,69515.6,3609.05,23485.6,39529.6,53335,63359.8,22477.5,60741.4,64815.6,28247.1,27719,22109,63459.7,48061.8,60454,22443.1,22476.3,13363.7,27913.3,27711.1,27181.5,28293.7,40218,28653.4,10493.3,10260.5,22557.8,28318.4,27809.9,44221.2,57443.8,34602.9,8080.08,28026.3,27560.3,28950.5,63647,6326.84,27269.3,10877.2,64819.2,28397.3,31822.7,27909.4,27672.5,48148.3,22338.1,9413.26,35015.9,20748.5,22453.5,28299.3,27774,63235.2,28349.4,13641.1,44557.5,21013.8,27811.8,27665.6,28387.5,27672.7,32178.2,10089.1,10880.9,26942.2,23708.5,28436.4,70008.9,20325.9,22421.9,10486.7,58810.2,28124.4,53548.7,25530.8,1944.33,10498.8,16191.1,28413.6,28277.9,37960.1,27497.3,45552.9,27799.8,39485.1
46878.2,11637.3,0,3819.18,29659.1,28991.7,12113.8,39186.3,66434.1,69996.2,11871.5,47261.7,3911.65,30512.4,27047.4,57325.8,12619.7,23277.1,16513.1,26306.9,46710.8,23803.4,68669.2,5078.12,3939.6,25686.4,20557.8,57440.1,24958.1,27298.9,28759.3,26667.6,19640.2,19878.4,20234.9,46255.1,26721.3,26077.2,48308.2,40338.5,17586.3,26651.2,25717.8,21614.5,42029.9,4789.46,66807.6,61702.1,26333.1,34678.2,18655,23831.3,25932.4,50401.9,26048.4,42893.4,45873.5,26299.4,66424.8,25804.2,66592.1,66972.9,23862.4,66766.3,70110.7,12130.9,20714.7,39567.9,64641.7,66446.8,33861.3,62679.2,70853.1,26441.6,25819.1,10563.5,66586.4,48376.3,65144.9,33828.4,33866,3420.35,26021.8,25885,26070.1,26530.4,40335.7,26878.3,3918.9,4113.67,33939.5,26650.7,25922.3,46515,55219.1,32517.8,18817.4,26521.5,24053.9,30391.2,69683.3,5677.57,25314,2272.19,70874.3,26698.9,25838.7,26021.1,25752.3,48453.6,18653.2,11880.8,41627.5,17507.2,33844.6,26493.1,25953.4,66393.6,26667.6,24890,45303.9,32595.2,25960,24157.7,26638.7,26104.1,35029.9,3740.4,4007.85,35324.3,20626.5,26626.9,73489.3,31447.7,33817.3,3975.44,59671.5,26265.7,64865.1,26651.3,12254.8,4061.8,14188.2,26647,26474.1,37912.5,26036.8,47147.8,25904.7,38884.7
43598.7,11393.7,3819.18,0,25979.4,25172.6,12868.6,35417.5,62648.3,66188.4,10326.1,43992.4,800.082,26695.3,23275.7,53713.8,11369.2,20174.5,12720.8,22596.1,42907.5,20270.3,64854.4,5589.09,998.89,21915.8,16855.1,55804.4,21140.6,23686.5,25093.1,22913.5,17007.7,16156.8,16417.8,42454.5,22965.1,22274.4,44502.7,36531.3,13862.7,22887.9,21950.1,22196.3,38281.5,1302.74,63020.5,57999.6,22634,31473.7,14866.7,20013.9,22179.8,47010.8,22269.6,39080.9,42068.1,22587.5,62640,22051.2,62805.7,63167.2,20787.7,62971.8,66309.7,12980.3,16990.8,35761.6,63089.1,62659.1,32568.4,58861.9,67333.4,22686.3,22066.8,11400.5,62800.4,44570.9,61471.5,32537.6,32580.2,2293.46,22270.2,22128,22274.7,22772.7,36528.1,23123.4,904.949,1162.83,32643.1,22887.4,22169.8,42714.1,51606.5,28817.5,17386,22747.6,20450.9,26589.1,66165.6,5134.55,21562.5,1660.89,67357.2,22937.9,22753.2,22269.2,22001,44648.5,15001,8769.66,38310.4,13786.2,32560.8,22738.2,22196.4,62609.2,22905.3,23594.2,41487.4,31647.7,22205.1,20556.1,22880.7,22331.8,31282.6,1317.26,554.923,32489.4,16932.2,22873,69716,31713.4,32539.3,919.22,55859,22513.1,63323.2,22849.6,12561.2,926.911,10369,22890.2,22718.9,34106.7,22258,43330.7,22152.5,35102.1
19812.1,26359.5,29659.1,25979.4,0,7589.89,29642.4,16774.7,37188.5,41145.3,22459.8,20260.7,25752.5,8563.35,11539.7,27802.8,29495.9,10523.1,13553.3,13542.2,18134.5,17024.6,40106.6,30168.1,25719.5,11679.4,14794.5,43781,8942.99,2813.42,960.607,12216.7,25032.6,14720.9,10892.1,17606.6,12145.8,5877.99,22511,15556.4,15825.6,11885.9,11788.1,33291.2,12610.7,24876.7,37577.6,32047.8,13851.5,25413.8,11483.4,9453.83,12304.3,22228.8,11301,17213,17406.5,13515.2,37166.6,12298,37354.5,40160.6,10544.5,40447.6,43425.9,29961.8,14329.2,15033.2,50899.9,37226.2,28410.1,34383,41654.4,12184.6,12322,34302,37343.1,22573.5,35492.6,28407.2,28468.1,27630.9,12328.2,12154.5,10492.4,12097,15528.7,12189.7,25741.2,25547.8,28430.8,11884.4,12305.6,17864.9,34279.4,15287.6,22055.8,11469.4,15884.8,4996.36,40497.8,26147.6,12399.5,27389.7,41686.9,11967.5,22859,12320.5,12362,22663.9,16325.7,18457.2,14671.7,15907.5,28470.5,12195,12149.8,37131.5,11921.7,24068.9,18877.4,30218.9,12225.3,15905,12080.2,11568.8,5820.84,25938.6,25684.4,15340.8,14922.3,12226.4,44088.8,37653.4,28497.9,25684.6,32712.8,12285.2,51190.3,5513.37,28208.6,25598.9,16324.4,12125.2,12185.9,13830.9,11306.6,19341.3,12321.3,15926.2
26116.5,28742.4,28991.7,25172.6,7589.89,0,31990.7,11366.3,37899.9,41163.3,24767,26571.4,25180.4,1701.29,4397.12,31257.7,25649.3,15879.6,12705.9,6521.09,18043.1,10574,39744.7,28203.5,25206.8,5091.54,9971.16,51369.4,4076.76,8914.22,7777.92,5157.95,19470.8,10280.6,8798.16,17644.6,5073.61,3836.54,19525.2,11596.2,12209.7,4859.38,5165.89,37378.1,14610.9,24326.7,38253.8,34310.3,6808.86,17823.9,10699.5,5193.78,5513.76,27739.7,4608.72,14018.7,17175.2,6497.68,37903.8,5560.73,38048.1,38129.4,16159.6,38056.5,41316.7,32289.2,9578.41,10861.1,58488.5,37887.4,35128.2,33722,45455.3,5209.32,5575.49,31268.1,38048.3,19593.1,38057.1,35121.1,35182.1,26305.7,5499.07,5402.37,3971.76,5096.72,11586.1,5061.8,25200.6,25077.5,35157.7,4858.2,5518.94,17896.3,29053.3,7875.99,26374.8,4537.55,9428.75,3113.77,44341.4,26814.2,5858.19,26774.1,45504.9,4916.69,15965.3,5492.51,5637.94,19675.3,11966.9,19623,21351.9,12300.3,35181.5,5199.94,5369.75,37877.1,4886.02,29654.4,16350,36602.5,5433.09,9414.22,5041.97,4805.29,8520.09,25517.6,25028.5,22918.3,10025.1,5181.15,45078.1,43079.2,35202.9,25146.1,30756.1,5366.34,58779.1,3507.46,30683.1,25057.1,14803.7,5080.55,5198.55,9251.48,4618.93,18208.1,5539.88,10759.7
42770.3,3293.86,12113.8,12868.6,29642.4,31990.7,0,43262.1,66541.4,70692.9,7270.37,43080,12122.9,33685.4,31680.2,55295.1,24151.9,20124.5,19906.5,31733.4,47772.4,30660.4,69725.7,17126.3,11931.1,30433.8,26497.5,47304.7,28531.3,26858.4,28683.6,31578.2,29466.6,25710.8,23752.6,47247.3,31602,28318.7,51277,43500.8,23649.2,31438.3,30507.1,9506.15,42112.5,12308.1,66940.5,60545.3,31871.2,42629.5,21548,27518.6,30914.6,46858.5,30637.1,45751.2,47031.7,31716.4,66508.9,30789.2,66712.8,69561.2,20471.2,69690.8,72808.4,323.789,26443.9,42794.5,54267,66599.1,23513.9,64025.4,67759.5,31353.3,30812.7,22652.8,66696.7,51343.7,63574.5,23477.6,23503.6,14514.1,31009.2,30811.4,30338,31404,43486.6,31765.2,12019.3,11836.9,23596.2,31437.3,30905.4,47506.1,60610.3,37721.3,10328.2,31157,30477.8,32237.6,66593.3,7798.4,30354.2,11965.3,67760.4,31514,34407.9,31005.6,30764,51430.1,25162.2,12530.2,37969.2,23602.7,23478.9,31405.9,30875.3,66470.7,31467.3,15080,47845.9,21644.2,30910.6,30584.1,31499.8,30795.5,35462.2,11560.8,12423.3,29594.4,26632.6,31543.6,73218.8,19347.3,23441,12027.4,62103.6,31224.9,54467.9,28802.3,1478.1,12061.7,19089,31524.5,31384.5,41219.1,30628,48846.3,30894.5,42722
29266.3,40037.3,39186.3,35417.5,16774.7,11366.3,43262.1,0,30817.9,33061.3,36076.1,29683.6,35553,9668.64,12141.9,28728.3,33283.9,26740.8,23603.5,13054.3,12771.2,16584.7,31267.3,37539.2,35609.4,13501.8,18731.3,58533.4,14773.7,19111.6,17435.3,12530.1,25219.6,19356.8,19648.2,12715.8,12473.2,15180.3,9661.13,3356.12,21630.9,12535.8,13468.8,48718.9,13962.4,34741.4,31105.8,29644.1,13095.6,14980.5,21766.4,15836.4,13266.7,29141.7,13153.6,5465.11,12014.2,13056.3,30855,13393.7,30934.4,28037.2,26916.1,27672.1,31082.1,43555.4,18521.6,3026.8,65264.2,30741.7,45166.1,25214.5,42432.1,12753.9,13380.2,39475.9,30949.4,9725.55,33543.3,45164,45224.8,36188.6,13179.1,13307,13218.5,12661.7,3393.42,12318.5,35588.9,35506.4,45184.9,12536.3,13276.7,12864.4,17759.6,7262.58,37653,12670.6,15871.7,12138,41445.6,37693.6,13885.6,37068.5,42507.3,12489.6,19054.3,13179.4,13448.7,9785.48,20749.6,30797.9,25904.7,21713.4,45227.8,12703,13238.7,30840.6,12520,40552.9,7897.41,46987.5,13235.3,15786.1,12552.9,13085.8,13143.7,35956.9,35361.9,30986.9,18688.9,12571.2,37994.8,54094.4,45256.3,35537.5,21017,12934.1,65563.7,14786.2,41981,35449.9,25257.2,12546.5,12721.5,3169.16,13165,11288.6,13295.1,953.376
29085.5,63304.4,66434.1,62648.3,37188.5,37899.9,66541.4,30817.9,0,5106.5,59503.6,29109.3,62534.9,36631.2,41063.1,14897.9,63199.7,46508.4,49927.6,42678.8,19857.3,46735.7,5976.12,66073.8,62528.6,42302,47668.5,58262.8,41957.8,39864.7,38141.5,41704.7,55750.8,48083.3,46340.6,20267.9,41624.8,40396.7,21668.3,28141.3,50100.5,41566.2,42322.8,68566.6,24578.6,61659.2,412.626,8565.25,42823.9,44872.1,47782,43053.1,42375.4,24942.6,41833.3,25525.8,20724.8,42670.8,129,42480.4,181.061,13999.1,46239.9,15884.6,15656.3,66864.6,47324.1,28876.9,62654.6,249.455,57403.5,7357.46,18296.1,41885.2,42479.1,69067.7,155.376,21617.4,9324.31,57421.8,57470.3,64008.3,42310.9,42346,41495.5,41767.8,28124,41508.2,62537.9,62373.8,57376.3,41565.9,42384.5,20013.1,29126,37855.1,57772.1,41495.3,45819.7,36087.9,17978.6,63305,42935.7,64168.9,18414.3,41561.7,49860.5,42307.9,42553.9,21589,49726.1,55627.3,31356.7,50191,57487.5,41845.6,42286,174.736,41568.1,57534.6,22973.3,60374.3,42315.3,45754.4,41666,41899,31516.2,62790.1,62426.3,41312.4,47689.6,41744.6,7228.24,70032.8,57538.5,62481.7,13505.4,42083.3,62937.4,39818.1,65077,62393.5,52397.8,41679.8,41857.8,30362.4,41845.7,20030.3,42406.7,30537.9
34129.6,67431.9,69996.2,66188.4,41145.3,41163.3,70692.9,33061.3,5106.5,0,63577.8,34164.3,66120.1,39785.5,44009.4,20004.3,66038.6,50780.7,53492.3,45483.1,23296,49406.3,2375.41,69354.1,66125.1,45296.8,50709.4,63333.7,45240.1,43881.5,42104.9,44606.8,58255.5,51178.1,49790.2,23766.9,44530.8,43921.3,23512,30710.4,53275.9,44498.3,45306.6,73075.3,28583.6,65249.3,4726.74,13654.2,45601,46362.1,51360.2,46354.5,45303.7,30024.5,44844.5,28042.7,24125.5,45477.8,5208.11,45415.4,4934.68,11119.1,50547.1,13059.3,11880.8,71015,50392.4,31476.3,67645.7,4917.62,62312.3,7886.55,21981.2,44800.2,45411.3,72048.7,4981.48,23452.7,13960,62329.9,62379.2,67440.2,45232.9,45289.6,44578.5,44686.6,30699,44403.5,66129.1,65978.4,62287,44498.2,45313.1,23505.7,28465,40270.8,62169.2,44470.2,48558.3,39609.9,21861.7,67122.1,45886.4,67744,22101.7,44484.5,52055.9,45230.6,45485.9,23406.7,52779.5,59482.7,36225.8,53365.6,62395.8,44757.4,45226.8,5259.73,44496.3,62177.1,25468.5,65249.1,45249.2,48485.5,44581.5,44883.8,35377.7,66403.9,65995.7,46146.7,50715.4,44647.6,6482.61,74827.1,62446.2,66073.3,13400.6,44997.5,67926.7,43349,69238.7,65984.6,55859.8,44590.9,44771.2,33050.1,44856.9,22981.7,45334.9,32914.3
36791.3,3986.65,11871.5,10326.1,22459.8,24767,7270.37,36076.1,59503.6,63577.8,0,37134.1,9550.96,26465.4,24673.5,48683.5,21194.5,13416.9,13002.4,24893.3,40568.3,24266.2,62565.8,15814.5,9364.61,23470.9,19952.7,45638.2,21402.9,19699,21499.3,24627.2,24587.7,19166.3,16714.8,40048,24644.5,21067.6,44009.2,36247.2,17288.7,24465,23551.2,13968.7,34997.2,9190.31,59899.5,53734.8,25055.2,36373.7,14470.8,20422.9,23990.9,40688.1,23639.6,38484.7,39817.6,24874.5,59474.7,23868.5,59673.2,62296.8,13855.9,62420.8,65542.4,7580.29,19837.1,35545.3,52881.1,59554.3,22253.2,56828,61525.6,24406.6,23893.5,21676.8,59658.8,44075.9,56873.4,22222,22263.9,12569.6,24084.8,23878,23288.2,24448.7,36232.5,24806.2,9454.33,9176.41,22328.5,24463.9,23982.1,40307.6,53526.9,30741.7,7072.49,24159.4,23945.3,24967.2,60354.3,6227.1,23454.5,10409,61533.5,24545,28605.3,24080.6,23849.5,44162.3,18873.3,5681.92,31769.1,17256.5,22244.2,24458.4,23939.7,59437.6,24496,13271.2,40575.5,21349.1,23980.3,24049.2,24540.2,23814.8,28271,9182.33,9771.41,24259,20102.9,24594.5,66260.3,22466.7,22221.8,9426.9,54840.1,24290.4,53110,21544.9,5919.47,9404.65,12688.8,24567.7,24437,33978.2,23631.2,41599.7,23972.8,35515.5
455.009,40228.4,47261.7,43992.4,20260.7,26571.4,43080,29683.6,29109.3,34164.3,37134.1,0,43560.7,26652.5,30960.6,14545.7,49416.7,24044.3,32860.5,33080.7,20275.5,36965.7,34327.8,48929.2,43472.6,31454.6,35052.8,31296.5,29060.4,21398.5,20779.7,31713.3,45280.5,34977.8,30942.4,19868.8,31630.8,26075.7,28415.8,26609,35970.7,31403.5,31549.7,42442.1,15884.4,42739.3,29511.1,20944.6,33373.6,43042,31038.7,29678.4,31987.2,4350.67,31012,26057.4,20397.6,33056.4,29022,32011.8,29288.1,38819.1,23497.3,40014,41756.1,43392.8,34588,26703.6,37143.1,29274.6,28842.3,30644.6,24829.9,31744.2,32031,53696.5,29247.8,28440.5,22710.1,28865.1,28908,45994.9,31988.1,31856.5,30252.8,31637.1,26567.4,31628,43519.7,43274.1,28804.6,31402.2,31990.9,19941.9,42459,32514.6,32997.7,31045.9,35809.2,23461,23679.7,42550.2,32217.6,45107.9,24820.4,31467.6,42535.1,31981,32084.7,28511.5,36566.6,35381,5756.9,36048.6,28927.9,31740.3,31835.6,28971.9,31432.9,30843.8,25559.7,31980,31905.5,35812.8,31591.4,31249.5,18368.8,43581.4,43579,13917.2,35178.5,31733.8,34063.6,42000.8,28982.3,43465.9,32779.3,31886,37444.3,25643.6,41629,43390.6,35684.7,31632,31736.8,26756.3,31020.1,22904.9,32010,28761.9
43170.6,10599.4,3911.65,800.082,25752.5,25180.4,12122.9,35553,62534.9,66120.1,9550.96,43560.7,0,26725.8,23414.9,53441.3,12155.8,19676.2,12628,22803.9,42829.2,20603.5,64810.2,6310.78,199.654,22058,17079.5,55068.2,21171.7,23410.5,24855.5,23075.8,17630,16365,16398.1,42370.1,23125,22198.9,44570.8,36596.7,14075,23039,22096.3,21422.2,38119.3,877.871,62909.3,57792.9,22852.3,31929.2,14764.4,20046.4,22344.9,46626.4,22399.4,39129,41995,22794.5,62525,22215.8,62693.3,63231.6,20281.6,63060.6,66384.9,12241.8,17194.9,35830,62346.5,62548.8,31799.9,58831.6,67009.9,22847.6,22232.3,12148.3,62687.3,44638.9,61241.6,31769,31811.2,3028.13,22436.2,22287.7,22375.6,22931,36592.6,23284.7,106.114,375.046,31874.8,23038.4,22334.9,42630.2,51871.3,29028.8,16616.7,22884.2,20742.9,26510.5,65841,4360.73,21729.5,1639.45,67032.3,23091.7,23255.9,22434.9,22167.9,44717.4,15271.4,8246.4,37895,14001.3,31791.7,22899.9,22356,62493.6,23057.6,22821.7,41516.7,30860.9,22367.4,20848.8,23038.4,22471.3,31119.3,575.268,302.654,31928.8,17163.9,23035.7,69583.9,30921.5,31769.8,124.198,55904,22677.9,62579.7,22771.1,11786.7,173.183,10391.6,23049.4,22880.3,34176.7,22388,43300.5,22318.2,35217.4
26198.9,30439.5,30512.4,26695.3,8563.35,1701.29,33685.4,9668.64,36631.2,39785.5,26465.4,26652.5,26725.8,0,4792.34,30529.9,26703.9,17426.2,14323.2,6823.66,16800.9,11042.6,38321.1,29572.3,26757.5,5821.93,11059.2,52262.1,5555.22,10227.1,8902.26,5544.12,20122.5,11452.6,10388,16430.6,5456.5,5517.5,17900.9,9948.3,13495.6,5305.92,5867.69,39064.2,13842.6,25878,36978.6,33321.4,7074.25,17041.3,12347.7,6681.66,6072.01,27555.8,5332.19,12415.6,15925.3,6804.87,36639.1,6150.1,36776.2,36532.1,17679.7,36431,39708.5,33983.3,10701,9203.62,59326.4,36611.2,36526.4,32278.7,44737.7,5660.81,6157.38,32449.8,36778.1,17968.9,37107.8,36520.2,36581.3,27766.4,6032,5997.43,4887.24,5539.4,9939.9,5394.07,26748.8,26632.7,36553.8,5305.14,6079.36,16676.8,27371.9,6727.58,28041.2,5100.76,9937.73,3635.51,43637.2,28448.8,6539.32,28308.4,44791,5335.6,16059.8,6026.89,6228.58,18050.1,13104.4,21301.5,21617.8,13585.6,36581.4,5636.2,5949.34,36613.7,5321.64,31229.4,14792.7,38073.4,5998.11,9905.61,5458.26,5457.84,8331.93,27075.4,26566.7,23875,11091.2,5576.74,43830.4,44686.6,36604.3,26694.8,29180.9,5846.33,59619,5151.61,32380.7,26605.9,16335.8,5487.12,5641.3,7580.3,5344.06,16805.3,6101.86,9058.45
30505.6,28545.4,27047.4,23275.7,11539.7,4397.12,31680.2,12141.9,41063.1,44009.4,24673.5,30960.6,23414.9,4792.34,0,35322.2,22141.1,18059.9,11782.2,2124.01,21335.7,6264.41,42440.1,25581.9,23473.6,1361.31,6740.98,55082.7,3729.4,12215.5,11510.9,767.57,15331.5,7292.22,7959.03,21000.4,681.033,6216.64,21389.6,13496.3,9529.74,517.494,1337.61,38015.7,18634.9,22607.8,41399.6,38039.9,2413.17,14320.6,10213,4404.36,1318.02,32121.6,1047.08,16137.5,20456.1,2100.71,41077,1418.13,41202.8,40020.4,18464.1,39748,43121.3,31958.7,6470.26,12716.3,62275.9,41031.3,37685.1,36365.3,49529.9,868.905,1418.1,28045.9,41207.5,21457.3,41845.1,37674.4,37734.9,24082.1,1262.35,1283.36,1503.97,747.275,13499.4,668.767,23452,23373.3,37722.1,516.882,1326.67,21239,28949.6,6072.42,27421.5,534.663,5148.31,7500.16,48429.5,25689.2,1877.52,24926.7,49583.3,543.759,11574.9,1258.32,1492.7,21530.4,8808.59,19151.5,25698.2,9614.66,37731.5,844.007,1222.92,41053.8,530.081,31431.1,18659.9,38861.8,1254.07,5119.09,667.818,943.904,12879.4,23824.3,23221.8,26628.3,6730.55,795.331,48283.3,44540.2,37747.5,23400.9,32818.8,1057.98,62563.3,6306.7,30482.3,23313.5,13168.2,699.856,848.965,11074.9,1056.95,21080.6,1349.2,11847.1
14594.8,52204.5,57325.8,53713.8,27802.8,31257.7,55295.1,28728.3,14897.9,20004.3,48683.5,14545.7,53441.3,30529.9,35322.2,0,56688.9,35275.6,41347.2,37317.4,16030.9,41556.4,20520.9,57963.8,53394.7,36286.5,41128.3,43529,34905.7,30031.2,28654.1,36071.1,50650.9,41325.4,38374.8,16027.5,35983.6,32530.8,22832.6,25396.4,42944.8,35835.7,36345.9,55957.2,16687.4,52571.6,15281.7,6452.96,37547.8,43683.8,39253,35850.5,36594.7,10237.3,35794.6,23509.6,16734.2,37300.6,14797.5,36667.4,15070.4,26523.3,34871.1,28055.3,29070,55617.2,40705.4,25889.3,48253.9,15089.4,43315.3,18097.9,14207.9,36190.7,36676.3,61906.3,15024.5,22821.6,8413.57,43336.8,43381.5,55421.7,36558,36512.4,35220.7,36069.3,25361.8,35915,53422.7,53214.8,43280.7,35834.9,36601.7,15896.7,35398.5,34281,45742.8,35615.5,40464.2,28607.5,13110.5,53352.6,37031.9,55069,14261.2,35865.3,46090.2,36552.7,36746.1,22854,43026.8,45737.8,17880.3,43033.5,43400.6,36165.9,36467.4,14746,35851.5,44531.9,21678.2,46407.2,36519.2,40429.3,35987.6,35951.1,23116.2,53587.1,53392.5,27733.2,41202,36104.4,19520.6,56326.7,43454.1,53366.5,22059.7,36375.9,48543.3,31972.1,53817.5,53282.6,44091.8,36015.9,36171.1,26806.2,35805.9,18061.8,36624.1,28042.9
48983.2,22746.9,12619.7,11369.2,29495.9,25649.3,24151.9,33283.9,63199.7,66038.6,21194.5,49416.7,12155.8,26703.9,22141.1,56688.9,0,27480.3,16691.4,20559.1,43462.4,16703.5,64384.3,7787.45,12354.9,20929.6,15679.5,65555.8,21809.8,28024.1,28822.2,21495.1,8933.31,15398.3,18604.1,43112.9,21574.9,24202.8,42929.7,35341.2,13770.2,21635.6,20901.4,33551.9,40191.5,12211.1,63533.8,59959.6,20437.6,24769.8,18390,20840.6,20826.5,51705.6,21407.9,38011.6,42583.3,20565.1,63214.6,20723.1,63338.3,61182.6,28139.2,60643.3,64119.6,24237.6,16072.2,34570.5,72921.7,63165.5,43017.5,58303.5,70807.9,21314.7,20723.7,6366.22,63343.5,42995.1,63698.4,42989.6,43037.1,9663.85,20889.9,20859.6,21819.2,21432.3,35351,21692.1,12261.9,12488.1,43087.3,21635.8,20817.5,43355.2,46997.9,26037.3,28023.3,21720.7,17491.2,28098.9,69671,16500.1,20273.6,12199.7,70849.8,21638.7,16001.8,20893,20649,43058,13698.6,17652.9,43673.2,13683.1,43020.2,21354.1,20918.7,63191.7,21633,34193.1,40579.7,42443.8,20887.6,17567.4,21533.8,21324,33576.7,12684.7,11869.5,39982.2,15631.7,21455.1,70422.1,43072.7,43005.2,12265.7,54294.7,21116.7,73170.9,24748.3,23921.4,12250.4,13945.9,21519.9,21342.1,32988.5,21395.7,43193.6,20795.2,33275.3
23674.1,16963.6,23277.1,20174.5,10523.1,15879.6,20124.5,26740.8,46508.4,50780.7,13416.9,24044.3,19676.2,17426.2,18059.9,35275.6,27480.3,0,11346.5,19373.4,28297.7,21136.2,49934.7,25404.7,19571.9,17404.1,17186.5,39078.3,14352.4,7801.61,9652.74,18429.9,26306.7,16644.7,12034.8,27749.5,18398.4,12219.2,33033.6,25925,16256.8,18137.4,17519.4,22813.8,22315.2,18890.1,46910.8,40425.1,19651.5,32211.3,10556.5,13947.6,18098.6,27398,17283.7,27707.3,27632.4,19346.2,46471.6,18020.3,46681.7,50534.8,658.829,50887.3,53803.2,20448.2,16799.4,25347.6,46453.3,46574.6,19654,44402.5,48163.7,18278.6,18049.9,30646.4,46663.7,33096.1,43496.7,19641.9,19702,22295.7,18169.8,17940.2,16580.2,18252.1,25900.1,18520.7,19626.1,19368.5,19693.7,18135.8,18094,28000.6,44463.2,23526.5,11601,17705.7,20251.5,14612.3,46991.5,18518.4,17827.9,21172.3,48174.3,18233.6,26966.5,18162.6,18047.2,33186.5,17578.7,11432.6,18509,16296.9,19697.7,18316,17975.1,46432.3,18177.1,13822.9,29399.8,20827.9,18044.9,20322.9,18297.2,17552.1,16132,19647.1,19724.1,12562.7,17365.4,18416.1,53116.6,27354.7,19711.8,19574.2,43110.6,18268.4,46722.2,12413.1,18648.8,19503.7,13733.9,18340.3,18297.7,24011.8,17281.7,29722.4,18097.7,25970.8
32435.1,16803.9,16513.1,12720.8,13553.3,12705.9,19906.5,23603.5,49927.6,53492.3,13002.4,32860.5,12628,14323.2,11782.2,41347.2,16691.4,11346.5,0,11891.2,30201.4,11642.5,52192.2,16616.8,12633.2,10527.3,7245.2,50371.5,8855.61,11612.1,12735.8,11672.8,15037.2,6496.4,3961.24,29743.2,11695.8,9571.92,32222.6,24269.7,5249.73,11532.1,10600.9,26697.5,25603.2,11757,50299.7,45396.8,12053.3,23718.9,2148.31,7770.35,11015.7,35396.9,10736.9,26723.8,29367,11872.5,49919.3,10891.3,50084.9,50834.9,11988.3,50753.7,54022.1,20182.3,7037.12,23520.1,57754.3,49938.4,29666.8,46226.7,55195.7,11448.4,10915.4,20900.1,50079.6,32290.6,48931.2,29647.1,29703.4,14175.1,11110.1,10909.3,10477.1,11498,24261.9,11859,12636.8,12488.3,29721.6,11531.1,11006.7,30003.3,40730.1,17814.9,16850.1,11256.2,11145.2,13882.5,54036.7,14133.9,10465.9,14254.5,55226.8,11607.6,16787.1,11106.3,10868.7,32372.1,6790.48,7391.3,27104,5264.61,29693.2,11500.9,10972.6,49888.5,11561,21938.2,29044.1,30067.5,11009.5,11244.4,11593.5,10890.5,18615.2,12917,12507.5,23520.2,7414.36,11638.5,56999.7,34105.3,29694.5,12581,43454.3,11322.8,58020.4,10143.3,18732.3,12492.3,2830.09,11618.4,11479.5,21884.3,10727.6,30700.8,10996.4,23150.2
32625.7,28677.6,26306.9,22596.1,13542.2,6521.09,31733.4,13054.3,42678.8,45483.1,24893.3,33080.7,22803.9,6823.66,2124.01,37317.4,20559.1,19373.4,11891.2,0,23066.6,4241.93,43851.6,24485.6,22879.2,2010.08,5749.43,56903.9,5133.76,14020.1,13453.2,1367.62,13384.7,6440.4,8376.93,22756.8,1449.85,7996.51,22555.5,14810.7,8733.77,1683.62,1891.9,38486,20637.9,22031.1,43007.3,39897.2,310.346,12838,10627.5,5428.31,1311.16,34240.7,2277.37,17479,22187.9,28.121,42696.9,1367.63,42814.7,41083.9,19821.4,40723,44136.4,32000.3,5609,14035.3,64126.2,42638.9,39026.7,37770.3,51522.2,1361.05,1338.5,26599.2,42821.2,22622.4,43722.4,39014.4,39074.5,23217.3,1259.78,1473.06,3089.66,1457.07,14818.7,1462.9,22849.6,22795.4,39066.8,1684.97,1313.46,22989.1,29152.6,6224.92,28146.5,2077.01,3189.02,9621.94,50427.8,25387.3,1569.09,24256.5,51577.1,1614.76,9457.55,1267.56,1331.86,22690.9,7716.33,19267.6,27801.5,8809.89,39070,1355.7,1454.93,42675.2,1652.13,32455.8,20038.4,40068.7,1379.02,3140.1,1492.39,1998.13,14994.4,23247,22591,28483.7,5685.96,1348.27,49906,45368.6,39083.6,22800.8,33986.5,1259.68,64412.1,8172.9,30597.3,22715.3,12836.6,1450.61,1362.63,12436.6,2274.08,22653.7,1304.77,12899.3
19948.5,44486.3,46710.8,42907.5,18134.5,18043.1,47772.4,12771.2,19857.3,23296,40568.3,20275.5,42829.2,16800.9,21335.7,16030.9,43462.4,28297.7,30201.4,23066.6,0,27228.7,22079.2,46222.7,42832.6,22533.1,27857.1,51288.5,22101,20933.3,19091.6,22008.9,36357.5,28250.3,26534.6,563.411,21926.3,20633.7,8158.37,9499.55,30247.3,21846.6,22561.1,51053.3,6343.55,41957.5,20212.8,17088,23238.8,27751.4,28066.6,23198.1,22653.5,18371.9,22056.3,7478.77,879.678,23056,19860.8,22752.6,20006.1,22348,28169.3,22884.3,25609.8,48091.2,27501.9,10076.6,57374.3,19846.8,43015.6,16260.7,29667.6,22177.3,22753.5,49250.7,20005.9,8179.65,20979.9,43024.3,43081.1,44203.5,22594.4,22612.5,21681.1,22057.7,9468.36,21819.9,42837.3,42684.8,43010.9,21846.2,22662.2,360.577,22184,18919.8,39887.8,21744,26246.4,16319.7,28675.8,43865.1,23193.7,44455.3,29741.7,21849.7,31002.4,22590.9,22827.9,8247.91,29905.3,36258,18581,30337.8,43091.7,22140.6,22555.1,19834,21851.7,40904.7,5835.02,45521.5,22589.5,26189.7,21959.3,22138.6,12313.9,43109.4,42707.7,26926.5,27885,22047.7,27038.4,54237.4,43133.2,42781.5,15038.4,22374.6,57675.9,20059.6,46341.7,42692.8,32602.5,21976.6,22151.3,11241.8,22068.5,2632.54,22684.7,12153.6
36511.2,27804.9,23803.4,20270.3,17024.6,10574,30660.4,16584.7,46735.7,49406.3,24266.2,36965.7,20603.5,11042.6,6264.41,41556.4,16703.5,21136.2,11642.5,4241.93,27228.7,0,47713.4,21371.9,20708.6,5526.54,4397.55,59600.5,8103.24,17002.4,16777.2,5502.8,9154.91,5158.48,9178.35,26933.7,5590.46,11188.5,26226.2,18697.2,7017.47,5761.96,5438.01,38171.9,24874,19913.2,47057.1,44114.2,4026.48,12122.5,11107.5,7828.63,5060.95,38298.2,5988.32,21363.7,26351.7,4257.89,46757.4,5014.01,46868.2,44548.4,21666.6,44074.8,47530.1,30901.1,4630.69,17934.8,66894.5,46688.9,40582.5,41635.5,55762,5404.87,4998.78,22899.9,46876.4,26291.7,47946.7,40566.6,40625.3,20535.4,5079.4,5172.3,6720.26,5524.01,18709.3,5648.56,20664.6,20657.9,40629.5,5762.91,5055.59,27162.3,31447.4,9358.27,28483.3,6042.09,1156.8,13605.7,54666.4,23725.3,4757.35,21916,55816.6,5721.61,5983.43,5085.71,4937.22,26354.8,5507.66,18592.6,31564.5,7060.77,40618.2,5423.65,5204.28,46737,5741.63,33365.8,23938.5,41310.2,5141.34,1160.9,5596.77,5773.33,19094,21101.3,20357.7,31388.6,4230.04,5471.79,53963.7,45746.6,40626.1,20621.2,37600.7,5231.23,67175.3,11512.5,29661.5,20541.1,11615.3,5564.84,5420.99,16391,5979.14,26707.6,5034.5,16574.6
34261.7,66451.7,68669.2,64854.4,40106.6,39744.7,69725.7,31267.3,5976.12,2375.41,62565.8,34327.8,64810.2,38321.1,42440.1,20520.9,64384.3,49934.7,52192.2,43851.6,22079.2,47713.4,0,67887.1,64821.2,43744.5,49163.7,64027.9,43817.7,42872.7,41067.2,43017.3,56486,49655.1,48438.3,22575.8,42943.1,42623.9,21650.7,29045.4,51784.6,42921.6,43749.5,72393.8,27641.5,63943.1,5692.82,14385.3,43958.3,44309.8,50071.8,44938.1,43723.2,30297.6,43300.5,26375.2,22879.7,43847.3,6100.58,43837.5,5840.98,8840.19,49728.6,10785,9906.61,70046.6,48859.4,29818.4,68541.2,5737.73,62114.9,6081.44,23811.4,43215.6,43832.2,70445.8,5897.56,21589.3,15268.1,62131.2,62181.9,66049.2,43650,43715.6,43066.6,43103.8,29036.3,42811.8,64822.4,64679.1,62092.6,42921.6,43732.8,22314.4,26109.5,38508.5,61402.6,42911.6,46893.3,38325.9,23612.4,65941.8,44313.8,66426.7,23931.5,42904,50192.4,43648,43906.5,21538.3,51235.1,58336.5,36021.8,51873.8,62197.7,43171.6,43651.7,6149.89,42918,61639.9,23813.3,64995.6,43671.2,46817.8,42997.6,43328.3,34303.9,65109,64677.5,45865.4,49163.3,43058.5,8852.96,74452.3,62246.9,64766.9,11185.6,43412.1,68825.6,42056.7,68280.5,64678,54501.5,43005.2,43186,31417.9,43312.8,21537.5,43754.3,31167
48523.1,16332.5,5078.12,5589.09,30168.1,28203.5,17126.3,37539.2,66073.8,69354.1,15814.5,48929.2,6310.78,29572.3,25581.9,57963.8,7787.45,25404.7,16616.8,24485.6,46222.7,21371.9,67887.1,0,6484.7,24240,18853.7,61378.6,24130.7,28110.7,29338.9,25085.3,15697.9,18293.6,19819.7,45805.9,25150.9,25799.8,46963,39074.6,16111.3,25130.8,24248.7,26632.1,42063.2,6860.42,66432.9,61922.7,24454,31306.3,18717,23026.6,24354.8,51760.2,24659.6,41704.3,45360.9,24483.3,66074.3,24232.5,66224.6,65556.4,26036,65208.4,68620.5,17160.4,19111.7,38294.9,68653.9,66067.4,38064.3,61834.1,71789.4,24870.9,24242.2,5866.22,66223.3,47030.5,65500.8,38032.9,38074.2,3295.67,24436.6,24338,24837.4,24973.7,39076.9,25296.5,6399.72,6683.79,38140,25130.7,24344.9,46061,52712.4,30541.2,22886.9,25083,21840.6,30058.2,70628,10051.3,23743,5496.13,71818.8,25162.2,22383.5,24437.4,24170.2,47102.5,16805.1,14154.3,43201.2,16022.8,38054.3,24919.1,24404.8,66046.4,25140.2,29076.6,44202.4,37029.8,24396.6,21937.2,25082.5,24661.4,35122.9,6634.81,6133,37851.4,18880.2,25043.7,73224.6,36411.8,38031.1,6434.24,58396.9,24681,68886.5,26379.6,17158.2,6470.52,13891,25082.1,24902.3,36648.5,24647.4,46376.9,24324.8,37353.9
43083.4,10399.7,3939.6,998.89,25719.5,25206.8,11931.1,35609.4,62528.6,66125.1,9364.61,43472.6,199.654,26757.5,23473.6,53394.7,12354.9,19571.9,12633.2,22879.2,42832.6,20708.6,64821.2,6484.7,0,22117.7,17160.1,54893.9,21204.6,23365.2,24819.8,23140.2,17799.2,16441.9,16419.7,42371.9,23188.8,22205.1,44610.3,36636,14153.7,23100.7,22157,21225,38101.7,880.179,62903.5,57763,22930.1,32061,14766.1,20079.9,22410.1,46550.8,22456,39163.9,41999.6,22869.6,62518.3,22280.9,62687.3,63269.5,20175.1,63104.6,66425.4,12051.5,17270.6,35870.1,62170.1,62543.4,31615.2,58846.2,66949.6,22911.8,22297.6,12327.9,62681.2,44678.4,61205.7,31584.2,31626.4,3208.74,22501.6,22351.5,22425.3,22994.5,36631.7,23348.8,93.9516,208.318,31690.2,23100.1,22400.1,42632.1,51958,29104.1,16432,22942.5,20838.5,26515.2,65780.5,4164.32,21795.3,1674.31,66971.7,23154.1,23399,22500.3,22233.5,44757.1,15363.2,8139.76,37811.4,14080.7,31606.8,22964.1,22419.9,62486.8,23119.6,22635.7,41546.9,30669.5,22431.9,20944.5,23101.7,22530.2,31102,409.83,492.612,31806.1,17246.2,23100.2,69572.8,30722.1,31584.8,99.0704,55937.4,22742.9,62403,22776.4,11589.6,167.712,10427.2,23113.1,22944.4,34217.3,22444.7,43315.8,22383.5,35269.1
30999.8,27319.2,25686.4,21915.8,11679.4,5091.54,30433.8,13501.8,42302,45296.8,23470.9,31454.6,22058,5821.93,1361.31,36286.5,20929.6,17404.1,10527.3,2010.08,22533.1,5526.54,43744.5,24240,22117.7,0,5419.71,54913.7,3123.88,12038.1,11538.3,1161.6,14389.9,5946.59,6782.33,22184.2,1173.96,6024.47,22740.7,14834.6,8173.06,1009.16,118.189,36907.9,19608,21252.8,42641.7,39142.4,2310.55,14817.8,9048.48,3492.57,701.454,32777.2,492.254,17468.5,21654.1,1982.05,42314.2,647.837,42443.3,41376.6,17842.3,41108.2,44480,30709.4,5130.91,14054.9,62143.9,42273.6,37057.6,37672.8,50491.9,951.418,675.891,26778.1,42447.1,22808.4,42929.6,37045.7,37105.9,22722.3,766.555,540.004,1204.69,979.664,14837,1335.35,22095.6,22018.4,37096.9,1008.27,698.244,22426,30230,7287.53,26418.7,843.873,4371.27,8082.83,49383.7,24365.7,771.159,23567.4,50543.1,1080.92,11192.1,759.272,698.537,22882,7490.88,17913,26091.9,8258.37,37101.6,1000.62,570.965,42290.3,1035.82,30590,19981.7,38138.3,641.904,4367.24,1069.34,421.919,13599.7,22469.5,21863.8,26508.2,5419.66,1131.77,49517.4,43595.1,37115.8,22044.6,34167,883.154,62429.3,6237.02,29252.2,21957.3,11830.5,1097.56,979.346,12409.3,480.855,22347.1,705.641,13207.9
34603.4,23566.5,20557.8,16855.1,14794.5,9971.16,26497.5,18731.3,47668.5,50709.4,19952.7,35052.8,17079.5,11059.2,6740.98,41128.3,15679.5,17186.5,7245.2,5749.43,27857.1,4397.55,49163.7,18853.7,17160.1,5419.71,0,56031,6250.99,14135.6,14335.2,6232.3,10248.5,788.514,5166.43,27489.7,6297.35,9015.12,28109.4,20236,3009.31,6280.14,5417.79,33818.6,24547,16320,48012.1,44281,5779.14,16498.3,6841.83,5428.32,5501.14,36833.7,5865.31,22878.5,26980.4,5742.2,47678.5,5378.93,47811.7,46713,17753.9,46398,49792.9,26748.7,466.514,19455.9,63368.1,47644.2,36418.9,43092.4,55297.8,6017.22,5388.55,21399.5,47814.6,28176.9,48026.7,36401.8,36459.8,17477.3,5583.18,5485.93,6176.24,6120.15,20239.4,6443.71,17127.9,17082.2,36468.4,6279.99,5491.21,27735.6,34809.7,11963.7,24089.7,6255.8,3995.74,12531.7,54172.6,19827.5,4889.87,18515.9,55343.9,6309.55,9828.15,5583.9,5316.55,28248.8,2071.32,14271,29454.5,3080.24,36451.7,6065.54,5552.41,47653.9,6288.51,29036.1,25398.2,37043.9,5543.15,4100.55,6228.88,5837.23,18089.1,17533.3,16861.1,28136.4,180.51,6190.73,54876,41350.1,36457.5,17079.9,39543.7,5827.74,63644.2,9494.47,25447.6,16995.2,7410.72,6228.46,6048.68,17815.7,5852.93,27748.2,5471.16,18511.3
31553.7,46231.8,57440.1,55804.4,43781,51369.4,47304.7,58533.4,58262.8,63333.7,45638.2,31296.5,55068.2,52262.1,55082.7,43529,65555.8,39078.3,50371.5,56903.9,51288.5,59600.5,64027.9,61378.6,54893.9,54913.7,56031,0,51832.7,42886.3,43641.1,55678.2,65381.2,55565.8,50880.3,50832.4,55619.1,48911.8,59293.1,55966.5,55331,55348.4,55030.8,40440.6,46021.4,54569.7,58623.5,49699.2,57211.5,69191.2,49613,51849.5,55599.6,34457.4,54630.2,56095.5,51284.9,56875.8,58152.7,55561.1,58426.8,69643.5,38458.9,70978.2,72405.5,47490.1,55610.6,55836,7387.8,58472.6,23802.6,61276.8,46325,55599.3,55588.7,67202.3,58376.6,59325.5,49863.5,23838.4,23810.1,58092.2,55645.1,55439.2,53823.9,55531.8,55926.3,55692.7,54978.9,54694.9,23720.8,55346.9,55598.4,50939.7,73322.3,58968.2,38623.4,54908.7,58581,48627.5,45581.9,51763.6,55529.1,56042.1,46241.7,55438.7,65573.5,55637.3,55611.2,59403,56617.3,47944,33050.5,55372.6,23834.3,55620.7,55451.7,58101,55387.1,32612.7,56121.5,25847.4,55528.1,58632.9,55537.7,54911.3,45502,54758,55254.4,28467.8,56204.8,55679.5,61382,32972.4,23870.6,54944.6,63977.6,55659.8,7650.14,48777.8,46388,54909.8,52539.2,55583.8,55607.6,55375,54632.8,53879.5,55609.5,57580.7
28607.7,25334.6,24958.1,21140.6,8942.99,4076.76,28531.3,14773.7,41957.8,45240.1,21402.9,29060.4,21171.7,5555.22,3729.4,34905.7,21809.8,14352.4,8855.61,5133.76,22101,8103.24,43817.7,24130.7,21204.6,3123.88,6250.99,51832.7,0,8996.72,8673.96,4082.01,16282.9,6420.61,4894.75,21693.9,4047.8,3085.31,23425.6,15455.5,8197.18,3785.32,3242.02,34506.7,18386.2,20325.3,42313.8,38204.8,5432.48,17915.1,6996.51,1126.82,3824.6,30668.9,2940.45,17960.9,21236,5105.75,41960.5,3767.56,42107.1,42073.3,14771.2,41945.7,45241,28820.1,5814.23,14697.4,59077.5,41947.7,33994.7,37790.2,49062.2,3941.25,3796.4,27293.4,42106.7,23493.7,41913.5,33983.4,34043.7,22237.2,3884,3662.69,2232.64,3907,15449.5,4168.36,21195.2,21081,34032.8,3783.78,3821.73,21947.2,32127,9596.73,23788.9,3353.63,6978.56,6298.17,47934.3,22985.3,3696.99,22753.3,49107.3,3881.63,14013.1,3876.44,3809.37,23573.6,8122.55,16034.3,23564.1,8287.87,34040,3975.73,3686.87,41933.3,3825.14,27707.1,20347.9,35139.2,3761,7007.18,3947.68,3214.81,11839.8,21524.4,21011.7,23462.4,6340.51,4070.02,49127.2,40854,34055.2,21141.3,34732.8,3950.23,59361.9,3436.34,27278.6,21052.5,10780.9,3991.34,3958.27,13052.7,2939.36,22282.4,3829.51,14298.9
20962.9,23580.2,27298.9,23686.5,2813.42,8914.22,26858.4,19111.6,39864.7,43881.5,19699,21398.5,23410.5,10227.1,12215.5,30031.2,28024.1,7801.61,11612.1,14020.1,20933.3,17002.4,42872.7,28110.7,23365.2,12038.1,14135.6,42886.3,8996.72,0,1880.88,12794.5,24333.4,13915.7,9595.39,20402.4,12736.7,6025.47,25256.8,18139.5,14645.9,12465.6,12154.6,30509,15309.8,22540.4,40256.8,34512.6,14328.4,26467.9,9681.2,9178.2,12719,23790.6,11744.8,19908,20211.9,13992.1,39839.9,12684.2,40032.3,42972.7,7881.63,43252.9,46237.8,27178.6,13672.6,17577.1,50106.8,39907.9,26311.7,37172.9,43699.7,12713.2,12711.5,32508.9,40019.6,25319.9,37880,26306.2,26367.3,25439.7,12762.5,12559.3,10937.7,12646.5,18113.9,12814.1,23392.5,23186.4,26337.8,12464,12718.1,20660,36759.6,16790.2,19272.6,12024.7,15913,7004.27,42535.5,23568.2,12676.3,25039.4,43726.9,12556.6,22966.2,12754.7,12736.5,25410,15394.9,15878.5,15667.8,14720.1,26367.8,12734.8,12570,39803.9,12504.5,21497.1,21639.7,27945.5,12646.5,15951.4,12654,12025.7,8621.28,23562.4,23361.5,14471.7,14285,12795.2,46714.9,35074.2,26391.6,23336.2,35523.9,12773.8,50392.4,5913.46,25419.7,23252.1,14437.7,12700.1,12721.7,16285,11747.6,22154.4,12729.7,18304.4
20334.5,25400.2,28759.3,25093.1,960.607,7777.92,28683.6,17435.3,38141.5,42104.9,21499.3,20779.7,24855.5,8902.26,11510.9,28654.1,28822.2,9652.74,12735.8,13453.2,19091.6,16777.2,41067.2,29338.9,24819.8,11538.3,14335.2,43641.1,8673.96,1880.88,0,12156.5,24583.7,14216.8,10228.6,18564.5,12089.9,5588.99,23387.5,16337.5,15215.2,11824.4,11650.4,32387.2,13565,23980.6,38531,32959.1,13763.5,25561.7,10692.9,9081.71,12186.6,22883.4,11187.4,18057,18361.1,13425.7,38119.1,12170.2,38307.7,41096.9,9702.46,41372.7,44361.4,29002.9,13868.8,15793.4,50798.5,38180,27817.5,35341.8,42459.9,12106.6,12195.5,33542.6,38296.1,23450.4,36386.1,27813.5,27874.6,26768.4,12217.5,12032.4,10373.5,12026,16310.8,12146.1,24842.7,24646.6,27840.3,11822.9,12187.1,18823,35014.8,15589.6,21150.7,11396.6,15650.5,5455.79,41300.9,25205.2,12234.2,26491.4,42490.9,11909.9,22668.2,12209.7,12230.5,23540.6,15789.3,17513.4,15131.7,15295.1,27876.3,12121.1,12033.1,38083.9,11861.6,23277,19765.1,29557.2,12109.4,15676.9,12017.8,11461.6,6778.79,25034.4,24791.5,15174.1,14470.2,12163,45034,36860.7,27902.2,24786.2,33646.8,12193.5,51087.3,5304.42,27250.6,24700.7,15525.7,12063.4,12110.5,14544.8,11192,20281.2,12201.5,16605.5
31258.3,28470.1,26667.6,22913.5,12216.7,5157.95,31578.2,12530.1,41704.7,44606.8,24627.2,31713.3,23075.8,5544.12,767.57,36071.1,21495.1,18429.9,11672.8,1367.62,22008.9,5502.8,43017.3,25085.3,23140.2,1161.6,6232.3,55678.2,4082.01,12794.5,12156.5,0,14588.2,6830.94,7943.67,21681.3,87.6778,6773.07,21878.6,14027.3,9100.84,332.043,1076.24,38068.9,19384.6,22279.6,42038.7,38752.9,1665.03,13844.4,10209.9,4593.08,736.605,32887.5,1147.37,16681.1,21129.2,1343.2,41719.9,863.807,41843.2,40482.5,18852.7,40180.2,43567.8,31852.7,5998.01,13247.6,62884.8,41670.4,38075.8,36939.4,50278.5,229.778,850.125,27442,41848.4,21946,42563.8,38064.4,38124.7,23659.2,650.319,790.647,1886.8,185.613,14032.1,211.871,23115.8,23045.3,38114,333.567,746.651,21918,29108.9,6146.91,27565.8,769.827,4393.77,8255.36,49179.4,25457.9,1355.53,24569,50332.2,250.229,10825.1,650.159,919.365,22017.7,8284.47,19061.5,26436.3,9183.38,38120.9,176.784,722.725,41697.1,295.198,31693.4,19218.2,39198.4,708.465,4361.68,140.536,889.038,13646.5,23496.9,22875.9,27236.8,6206.13,41.5918,48927.8,44730.3,38135.9,23065.4,33313.9,405.104,63171.5,6906.98,30401.9,22978.6,12907.7,94.4462,197.267,11617.6,1150.01,21704.1,765.279,12283.8
44830,27267.8,19640.2,17007.7,25032.6,19470.8,29466.6,25219.6,55750.8,58255.5,24587.7,45280.5,17630,20122.5,15331.5,50650.9,8933.31,26306.7,15037.2,13384.7,36357.5,9154.91,56486,15697.9,17799.2,14389.9,10248.5,65381.2,16282.9,24333.4,24583.7,14588.2,0,10417.7,14932.1,36072.1,14675.4,19208.5,34864.3,27624.2,10100.6,14816.8,14323.9,38261.6,33963.7,17258.3,56063.8,53268.6,13179.4,15853.8,15829.2,15604.3,14056.7,46948.2,14879.2,30268.2,35482.3,13399.1,55776.3,13985.6,55879.3,52781.9,26932.4,52147.4,55643,29631.9,10715,26879.4,72758.8,55696.2,44426.5,50427.6,64858.7,14462.6,13976.2,15269.5,55889.3,34927.5,57101.5,44404.3,44458.5,16241.3,14092.9,14141.2,15503.7,14584.2,27639.7,14750.8,17723.1,17842.9,44486,14817.5,14049.7,36298.4,38116.1,17984.9,30457.8,15037.3,10205.3,22358.5,63755.9,21732.1,13633.6,18397.4,64911.5,14789.2,7079.85,14098.2,13906.9,34983.7,9005.55,19549.1,39699.4,10050.9,44446.3,14488.5,14185.2,55757.4,14801.6,36205.2,32841.4,44510,14132.5,10247.5,14667.7,14710,27930.9,18203.8,17331.3,38014.5,10114.7,14553.9,62973.7,47047.1,44442.9,17700.2,46083,14276.2,73027,19656.8,28845,17645.6,13188,14640.5,14482.7,25392.4,14868.4,35748.6,14027.4,25341.5
